262148000
262148001
262148002
393225001
393225002
393225003
393226000
393226001
393226002
240301000
240301001
240301002
131089000
131089002
131089003
131089004
262162000
262162001
262162002
262162004
262162005
262162006
262162007
262162008
262162009
262162010
262162011
262162012
262162013
262162014
262162015
262162016
262162017
262162018
262162019
262162020
262162021
262162023
262162024
262162025
262162027
393243000
393243001
393243002
393243003
262175000
262175001
262175002
262175003
131108000
131108002
42000
42001
42002
131115000
131115002
262189000
262189001
393266000
393266001
393266002
393267000
393267001
393267003
262197000
262197001
262197002
262197003
262197007
262197008
262197009
262197011
393271000
393271001
262200000
262200001
262200002
393274000
393274001
393274002
393274003
393274005
393274006
393274007
131131000
131131001
393277000
393277006
393277007
393277008
393277009
393277011
393277012
393277013
393277014
393277015
393277016
393282000
393282001
393282002
393282003
393282004
393282005
393282006
393282007
393282009
393282010
393282011
393284000
393284001
393284002
393284003
393284004
393284005
393284006
393284007
393284009
393284011
393284012
393284013
393284015
393288000
393288004
524361001
524361002
74000
74001
74002
131152000
131152001
131152002
131152003
262227000
262227001
262227002
262228001
262228003
262228004
262229000
262229001
262229002
262229003
262229004
262229006
131159001
131159002
262235000
262235001
262235002
262235003
262235004
262235005
524382001
524382002
262242000
262242001
262242002
262242003
262242005
262242006
262242007
262242008
131171000
131171001
131171002
262161000
262161001
262161002
262161003
262161006
262161008
262161010
262161011
262161012
262161013
262161014
262161015
262161016
262161017
262161019
262161020
524392000
524392001
262262000
262262001
262262002
393338001
393338002
262274000
262274001
262274002
262274003
262274004
262274005
262274006
262274007
262275001
262275002
262275003
262275004
133000
133001
133002
131207000
131207001
131207002
131207003
131207004
131207005
131207006
131207007
136000
136001
136002
139001
139002
139003
262284000
262284001
262284002
262284003
143000
143001
143002
240323000
240323001
240323002
524436000
524436001
524436002
524436003
524436004
524436005
393372001
393372002
393372003
393372004
393372005
393372006
393372009
393372011
393372012
393372013
393372015
393372016
393372017
393372018
393372019
393372020
393372021
393372022
524450000
524450001
524450002
524450003
524450004
524450005
524450006
524450007
524450009
524450010
524450011
524450012
524450013
524450014
524450016
524450017
524450018
524450019
524450022
524450023
524450024
164000
164001
164002
164003
524456000
524456001
524456002
524459001
524459002
436936000
436936002
262323000
262323002
262323003
262325000
262325001
262325002
262325003
262334000
262334002
262334003
192000
192001
192002
393410000
393410002
393410003
393410004
393410005
393410006
393410007
393410008
393410009
393410010
393411000
393411001
393411002
196000
196001
196004
131273000
131273001
262347000
262347001
262347002
262347003
131276000
131276001
131276002
393421000
393421001
393421002
393421003
393421004
393421005
393423000
393423001
393423002
393423003
393423004
393423005
393423007
131280000
131280001
131280002
262353002
131282001
131282002
131282003
131282004
524502000
524502001
524502002
524502003
262360000
262360001
262360002
262360003
262360004
262360005
524507000
524507001
524507002
131295000
131295001
131295003
131295004
131295005
262371000
262371001
262371002
262371003
262371005
262371006
262376000
262376002
241003
241004
262386000
262386001
262386002
262386003
262386004
262386005
262386006
262386007
262386008
262386009
262386010
262386012
262386013
262386014
262386015
262386016
262386017
262386018
262386019
262386021
262386022
262386023
262386024
262386025
262386026
262386027
262386028
262386029
262386030
262386031
262386032
262386033
262386034
262386035
262386036
262386038
262386039
262386040
262386041
262386042
524533001
524533002
262391000
262391001
262391004
262391005
262391006
524536001
524536002
524536003
524536005
524536006
510657000
510657002
510657004
510657005
262396000
262396001
262396002
393469000
393469001
393469002
257000
257001
257002
257003
257004
262404000
262404001
393478000
393478001
393478002
393478003
131335000
131335001
131335002
131335004
524333000
524333001
524333002
524333003
524333004
524333005
262425000
262425001
262425002
262425003
262425004
283001
283002
283003
283004
283006
285000
285001
285002
524575000
524575001
524575003
524577001
524577004
524577006
524577010
524577012
524577015
524577018
524577019
524577022
524577023
524577025
524577026
524577028
524577029
294000
294001
294002
294004
294005
294006
294007
294008
294009
294010
294011
294012
294013
294014
294015
393511000
393511001
262440000
262440001
262440002
262440003
262440005
262440006
262440007
262440008
262440009
262440010
262440011
262440012
262440013
393513000
393513001
393513003
393513005
393523002
393523003
393523004
524601001
524601002
524601004
524601005
524601006
524601008
524601009
524601010
524601011
524601012
131386000
131386001
131386002
262460000
262460001
262460002
131390000
131390001
262466000
262466002
262466003
262466004
262466005
262466006
524611000
524611001
524611003
524611006
524611007
262471000
262471001
262471002
262471003
262471004
262471005
262471007
262471008
328000
328002
21900000
21900001
21900002
393547000
393547001
393547002
262476000
524621000
524621001
524621002
524621003
524621004
524621005
524621006
524621007
524621008
524621009
524621011
524621013
524621014
524621015
524621016
524621017
524621018
524621019
524621020
524621021
524621023
524621024
524621027
524621029
338000
524627000
393557000
393557001
393557002
262487000
262487001
262487002
131416001
131416002
131416003
131418000
131418001
546191000
546191001
546191002
546191003
546191004
524637001
524637003
524637004
524637005
524637006
524638000
524638001
524638002
393569001
393569002
524642000
524642001
524642002
524642003
524642004
357001
359000
359001
359002
360000
360001
360002
262505000
262505001
262505002
262505003
262505005
393578000
393578001
393578002
262509000
262509002
262509003
262509005
262509006
262509007
262509008
262509009
393583000
393583003
393583004
524656001
524656002
568040002
568040003
568040004
568040005
568040006
262514000
262514001
262514003
131444000
131444001
131444002
43753000
43753001
43753002
43753004
43753006
43753007
524665000
524665001
524665002
262522000
262522001
262522002
131453000
131453001
131453003
131453004
262531000
262531001
262531002
262531003
262531004
262531005
524681000
524681002
524681003
524681005
524681006
395000
395001
395002
397000
397001
397002
397003
400001
400002
400003
524694000
524694001
524694002
524694003
524702000
524702001
524702002
524702003
415000
415001
415002
546203000
546203001
546203002
131493000
131493001
131493002
131493003
131493004
131494000
131494002
131497000
131497002
428000
428001
428002
393647002
393647003
393647004
393647005
393647006
262576001
262576002
262576003
524725000
524725001
524725002
73001
73002
393659000
393659001
393659002
131516000
131516001
131516002
262594000
524742000
524742001
524742002
131527000
131527001
131527002
131527003
393674000
393674001
393674002
393674003
393674005
459000
459001
459002
459003
262605000
262605001
262605002
262605003
262605004
262605005
262605007
262605008
262605012
262608000
262608001
262608002
262608003
262608004
262608005
262608007
262608008
262608009
262609000
262609001
262609002
262609004
262609005
262609006
262609007
262609008
262609009
262609010
262609011
262609012
262609013
393682001
393682002
393682003
131539000
131539001
131539003
131539004
131539005
131539006
131539007
131539008
131539009
131539010
472000
472001
472004
262617000
262617002
474000
474001
474002
393692000
393692002
262626000
262626001
262626002
262626003
131556000
131556001
131556002
131557000
131557001
131557002
131557003
131557004
131557005
131557006
131557007
486000
486001
486002
486003
524775001
524775005
524775008
488001
488002
393710000
393710001
393710002
262642000
262642001
262642002
502000
502001
502002
502003
393720000
393720001
393720002
393720004
393720005
393720006
262651001
262651002
131581000
131581001
131581002
262654000
262654001
262654002
262654003
262654004
524799001
262658000
262658001
262658002
520000
520001
520002
520005
520006
131593000
131593001
131593002
131597000
131597001
131597002
131597005
131597006
393743002
262672000
262672002
262677000
262677002
262677003
262677004
524822000
524822001
524822004
524822005
524822006
524822007
524822008
524822009
524822010
524822011
524822012
524822013
524822015
524822017
524822018
536000
536001
536002
536003
536004
536005
536006
536007
536008
536009
536010
536011
536013
536014
536015
536016
536017
536018
536019
536020
536021
536022
536023
536024
536025
536026
536027
536028
536029
536030
262682000
262682001
262682002
262682003
262682004
262682005
262682006
262682007
262682008
262682009
262682010
262682011
262682012
262682013
262682014
262682015
262682016
262682017
262682019
262682020
262682021
131611000
131611001
131611002
131611003
131611004
131611005
131611006
131611007
131611008
131611009
131611010
131611011
131611013
131611016
131611018
131612000
262686000
262686002
262686003
262686004
262686005
262686006
262686007
544000
544001
544002
544003
544006
544009
544010
544012
544014
544015
544016
544018
544019
131617000
131617001
131617002
327771000
327771001
327771002
393768001
131627000
131627002
524844000
524844001
524844002
524844003
524844005
524844007
524844009
524844010
524844011
524844012
524844013
524844015
524844017
524844018
524844019
262703000
262703001
262703002
262703003
262703004
262703005
393777000
393777001
393777002
393777003
393777004
393777005
564000
564001
564002
569000
569001
569002
569003
569004
569005
569006
569007
445200001
445200002
445200003
445200004
445200005
445200006
153013000
153013001
153013002
393794001
393794002
139684000
139684002
139684003
393804000
393804001
393804002
393804003
131661000
131661001
131661002
131661003
131661004
131661005
131661006
590000
590001
590002
262736000
262736001
262736003
262736004
393809001
393809002
393809003
393809004
393809005
393809007
393809008
393809009
393809010
393809011
393809012
393809013
393809014
393809015
393809016
393809017
262738003
262738004
262738006
393811000
393811001
393814000
393814001
393814002
393814003
524887000
524887001
524887002
524887003
524887004
524889002
524889003
524889004
524889005
524889006
262746000
262746001
262746002
262758000
262758001
262758002
393836000
393836002
393836003
437010000
437010002
437010003
393838000
393838001
393838002
393838004
393838005
623000
623001
623002
623003
393840000
393840003
187695000
187695001
187695002
187695003
187695004
626000
626001
626002
626003
632001
632002
632004
632005
632006
632008
632009
632010
632011
636001
636002
641000
641002
641003
393858000
87489000
87489001
87489002
87489003
87489004
87489005
87489006
393864002
393864003
393864004
393864005
393864006
131725000
131725001
131725002
262800000
262800001
262800003
262800006
262800007
262800008
262800009
393874000
393874001
393874003
393874004
393874005
393874006
393874007
393874008
393874009
661000
661001
661002
661003
661004
524954000
524954002
524957000
524957002
524957003
131743000
131743001
675001
675002
524977000
524977001
524977002
524979000
524979002
692000
692002
693000
693001
693002
699000
699001
699002
384101001
384101002
524992001
524992002
711003
711005
393928000
393928001
393928002
393928003
393928004
393928005
715002
715003
715004
715005
715006
724000
724001
724002
724003
393942000
393942001
393942002
131800000
131800001
131800002
262873000
262873001
262873002
262873003
262873004
262873005
262873006
730001
730004
349647000
349647001
349647002
131804000
131804001
131804002
525021000
525021001
525021002
525021003
525021004
525021006
525021007
525021008
525024000
525024001
525024002
525024003
525024004
525024007
525024008
525024009
525024010
525024011
131815000
131815001
131815003
131815004
131815005
131815006
131815007
262895000
262895002
262895003
262895004
262895005
262895006
262895007
262895008
262895009
262895010
262895012
262895013
262895014
262895015
262895016
262895018
262895019
262896000
262896002
262896003
262896005
43816002
43816003
43816004
43816005
43816006
43816007
43816008
43816009
43816010
43816011
43816012
43816013
43816014
43816015
43816016
43816017
43816018
43816019
43816020
43816023
43816024
43816025
43816026
43816027
43816028
393971000
393971001
393971002
262900002
757000
757001
757002
757003
757004
757005
757007
757010
757011
757012
757013
757014
757015
757016
757018
757019
757020
757021
761000
761001
761003
761004
761005
525050002
525050003
525050005
525050006
525050007
525050008
525050009
525050010
525050013
525050017
525050018
525050020
393979000
393979001
764000
764002
764003
764004
393982000
393982001
393982002
393982004
393984001
393984002
393984003
131841001
131841002
525058000
525058001
525058002
525058003
525058004
525058005
525058006
525058007
525058008
525058009
525058010
525058011
525058013
525058014
525058015
772000
772001
775000
775001
775002
775003
775004
775005
775006
775007
775009
776000
776001
776002
776003
776004
393995000
393995001
393995002
785002
785003
785004
785005
394002000
394002001
394002002
394002003
131203000
131203001
131203002
131203003
525077000
525077003
394009001
267112001
267112002
525083000
525083001
525083002
262940000
262940001
262940002
131869000
131869001
131869002
525087000
525087001
525087002
525087003
802000
802001
802002
802003
802004
810000
810002
371506000
371506001
371506002
371506004
394033000
394033001
394033002
394033003
525106000
525106001
525106002
131895000
131895002
131895003
827000
827002
525118000
525118001
525118003
525118004
525118005
525119000
525119001
525119002
525119003
525119004
525119005
525119006
525119007
525119008
394050000
394050001
394050002
836000
836001
836002
262985000
262985002
262985004
262986000
262986001
262986002
262987000
262987001
131919001
131919002
131920000
131920001
262993000
262993001
262993002
262993003
524431000
524431001
524431002
394079000
394079001
131938000
131938002
131938003
131938005
131938007
131938008
131938009
263011000
263011001
263014000
263014001
263014002
263014003
263014004
263014006
263014007
263014008
263014009
263014010
263014011
263014012
263014013
263014014
263014015
872000
872001
872002
872003
872004
872005
873000
873002
873003
525162000
525162001
525162002
525162003
525162004
525170000
525170001
525170002
885000
885001
885002
885003
885005
885006
885008
885009
885011
885012
885013
885015
885016
885017
885018
885020
885021
885022
885023
885024
885025
885026
885027
885028
885029
885030
885031
885032
131965000
131965001
131965003
131965004
131965005
131965006
131965007
525183000
525183002
525183004
525184000
525184001
525184002
131969001
131969003
131969005
196759000
196759001
196759002
196759003
196759004
263052000
263052001
263052003
525202000
525202001
525202002
394131000
394131001
394131002
394131003
394131004
394132000
394132001
394132002
394132003
394132004
394132005
394133001
394133002
394133004
394133006
394133007
394133009
525208000
525208001
525211000
525211002
263068002
132001001
132001002
132001003
223468001
223468002
223468003
223468005
223468006
223468007
240455000
240455001
240455002
394157000
394157002
132024000
132024001
132024002
132024003
132024004
132024005
132024006
132024007
132024008
132024009
132024010
132024011
546292001
546292002
482719000
482719001
482719002
525247000
525247001
525247002
962000
962001
962002
132037000
132037001
132037002
969000
969002
969003
969004
969005
969007
969008
969012
969014
969015
969017
132042002
132042003
132042004
974000
974001
974003
974004
263120000
263120002
263120003
263120004
248810000
248810001
248810002
394199000
394199001
394199002
525272000
525272001
525272003
985001
985004
985007
985009
985010
985011
985012
985014
985015
985016
985017
985019
985020
132059001
132059002
394206000
394206001
394206002
394206003
394206004
263136000
263136002
263136003
263136004
263136005
263136006
263136007
263136008
132067000
132067002
525286001
525286002
999000
999001
999002
1000000
1000002
1000003
1000004
263146001
263146002
263146003
525297001
525297002
132084000
132084001
132084004
414663000
414663001
414663002
414663003
263163001
263163002
263163003
394240001
394240003
1029000
1029001
1029002
1029003
394246000
394246001
394246002
394246003
349697000
349697001
349697002
263177000
263177001
263178000
263178003
394251001
394251004
394259000
394259001
394259002
394259003
132116000
132116001
132116002
132121000
132121001
132121002
132121003
132121004
132121005
109992000
109992001
109992002
109992003
525344000
525344001
525344002
525344003
263202000
263202001
263202002
394275000
394275001
394275003
394275004
132132000
132132001
132132003
153094000
153094002
153094005
153094006
1063000
1063001
1063002
1063003
1063004
132136001
132136004
132136005
132136006
132136007
132136008
132136011
132136012
132136013
132136014
132136015
525354000
525354001
525354002
525354003
263211000
263211001
263211002
263211003
263211004
263211005
263211006
132143000
132143001
132143002
394288000
525361001
525361003
263223000
263223001
263223002
263223003
263223004
263223005
263223006
263223007
263223008
525369000
525369001
525369002
525369003
525369004
525369005
525369007
525369008
525369009
525369010
525369011
525371000
525371001
525371002
525371003
525373000
525373001
525373002
525373003
525373004
525376001
525376002
1089000
1089001
1089002
1089003
525381001
525381002
1103000
1103001
1103002
394320000
394320001
394320002
394322000
394322001
394322003
263251001
263251002
132182000
132182002
132182003
394328001
394328002
394328003
263258000
263258001
263258002
263258003
132189000
132189001
132189002
394334000
394334001
394334002
394334003
263268000
263268001
525420000
525420001
525420002
423396000
394352000
394352001
394352002
1138000
1138001
1138002
1138003
1138006
263288000
263288001
263288002
263288003
1146000
1146001
1146003
1146004
1146006
1146008
1146009
1146010
132219001
132219002
263292002
263292003
1149001
1149002
132223001
132223002
1153001
1153003
1153005
1153006
1153007
1153008
1153009
1153012
1153013
1153014
1153015
1153016
263299000
263299001
263299002
263299003
218646000
218646001
1164000
1164001
1171000
1171001
1176000
1176001
1176002
1176003
263323000
263323001
263323002
263323003
263323005
263323006
263323007
1180002
132272000
132272002
132272003
394418000
394418001
394418002
127451000
127451001
127451002
1205000
1205002
263351000
263351001
263351002
263351003
263351004
263351005
263351006
263355000
263355001
263355002
263355003
263355004
263359000
263359001
263359002
263359004
132288000
132288001
132288002
132288003
1228000
1228001
1228002
394449001
394449002
394449003
394449004
263382000
263382002
263382003
394458000
394458001
394458002
394458003
394458004
1244001
132317002
263393000
263393003
263393004
525542000
525542003
525542004
525542005
525542007
525542009
525542010
132328001
132328002
132329000
525546000
525546002
263403000
263403001
263403002
394478000
394478002
301326000
301326001
301326002
132336000
132336003
132336004
132336006
132336009
132336012
8771000
8771001
8771002
8771003
8771004
8771005
263412000
263412002
263412003
1270001
1270002
525559000
525559001
525559002
568191000
568191001
568191002
525568000
525568002
525568003
525568005
525568006
525568007
525568009
525568010
525568012
525568013
525568015
263425000
263425001
263425002
263428001
263428002
132362001
132362002
1292000
1292001
1292002
1292003
1292004
1292006
394510000
394510001
394510002
394510003
394510004
394510005
394510006
394510007
394510011
394510012
394510013
394510014
394510015
394510016
394510017
394510019
394510020
394510021
394510022
394510023
394510024
394510025
394510026
394510027
1296001
1296002
1296003
525587000
525587002
394517000
394517001
394517002
132375000
132375001
132375002
132375003
525600000
525600002
394533000
394533001
394533002
263463001
132393000
132393003
327383001
327383003
327383004
327383005
327383006
327383007
525616000
525616001
525616002
263474001
263474002
525619000
525619001
525619002
525619004
525619006
525619007
525619008
525619010
525619011
263477000
263477001
263477003
263477005
263477006
132408000
132408002
132408003
1340000
1340001
1340002
1342001
1342002
1342004
1342005
1342006
1342007
1342008
1342010
1342011
1342012
1342013
1342015
1342016
1342017
1342018
1342019
1342021
1342022
1342023
1342025
1342026
1342027
1342028
1342029
1342031
1342032
1342033
1342035
1342037
1342039
1342040
1342041
1342042
1342043
1342044
1342045
1342046
1342047
1342048
1342049
1342050
1342051
1342052
1342054
1342055
1342057
1342058
1342059
1342060
1342061
1342062
1342065
1342067
1342071
1342074
1342075
1342076
1342077
1342079
1342080
1342081
1342083
1342084
1342088
132415000
132415001
132415002
132415003
132415004
132415005
132415006
132415007
132415008
132415009
132415010
132415011
132415012
132415014
132415015
132415016
132415018
132415019
132415020
132415021
132415023
132415025
132415026
1347000
1347001
1347003
1353000
1353001
1353002
1353003
525646001
525646002
525646003
525646006
525646007
525646008
525646009
525646010
525646011
174989000
174989002
174989003
263505000
263505001
263505002
1369000
1369001
1369002
1369003
1369004
1369005
1374001
1374003
1374004
1374005
263520000
263520001
263520002
263520003
525665000
525665002
525665003
525665004
525665005
525665006
525665007
525665010
525665012
525665013
525665014
525666000
525666001
525666003
525667000
525667001
525667003
554340001
554340002
394608001
394608002
1393000
1393002
525682000
394611001
394611002
394611003
394611004
394611005
1398001
1398002
1404000
1404002
525702000
525702001
525702002
525702003
525702005
525702006
525702008
525702011
525702012
525702013
525705000
525705001
525705002
525705003
394635000
394635001
394635003
65773001
65773002
1425000
1425001
1425002
1425003
132499000
132499004
437145000
437145002
1436000
1436002
1436003
1436004
1436005
1436006
1436008
132509000
132509001
132509002
132509004
132510000
132510001
132510002
132510003
132510004
132510005
263586000
394659000
394659001
394659002
525732000
525732001
525732002
394663000
394663001
394663002
1448000
1448001
1448002
263594001
263594002
394677000
394677001
394677002
1464000
1464001
1464002
394681001
394681002
263612000
263612001
263612003
263612007
263612008
263613002
132544000
132544001
132544002
525762000
525762002
525762003
525763001
525763002
301201000
301201003
132554000
132554001
132554002
132554003
132554004
132554005
132554006
132554007
132554008
132554010
132554012
524535000
524535001
524535002
525777000
525777001
525777002
1490000
1490001
1490002
1490003
1490004
331753000
331753001
394715000
394715001
394715004
394715005
394715007
394715010
394715011
394715012
394715013
263644000
263644002
262394000
262394001
262394002
263647000
263647001
263647002
132578000
132578001
394724001
394724002
132587000
132587002
132587003
263664001
263664002
263664003
263664004
263664006
263668001
263668002
1525000
1525001
1525002
1525003
1525005
1525007
1525008
1525009
1525010
1525011
1525012
1525013
1525016
1525017
1525019
1525020
1525021
1525023
1525024
1525025
1525026
1532000
1532001
502698001
502698002
263679000
263679001
263679002
263679003
132612000
132612001
132612002
132612004
132615000
132615001
132615002
22103000
22103001
22103002
22103003
22103004
132622000
132622001
132622002
132622003
263696001
263696002
263696005
263696006
1554000
1554002
1554003
263700000
263700002
394773000
394773001
394773002
394773003
394773004
525849000
525849001
525849002
525849003
525849004
1563000
1563001
1563002
132644001
132644002
132644003
1573000
1573002
1573004
1577003
1577004
263723000
263723001
263723002
132652000
132652002
132652003
132652004
132652005
132652006
132652007
132652008
132652009
132652010
132652011
132652012
132652013
132652014
132652015
132652016
132652017
132652018
132652019
132652020
132652021
132652023
132652025
525869000
525869001
415325000
415325002
1584000
1584001
1584002
1584003
1584004
1584007
1584008
1584009
1584010
1584011
1584013
1584014
1584015
1584016
394801001
394801002
394801003
1590000
1590001
1590002
1591000
1591001
1591003
1592000
1592001
1592002
1599002
1599003
153184001
371638000
371638002
22113001
22113002
22113003
132682000
132682001
132682003
132682004
525899000
525899001
525899002
263758000
263758001
263758002
525903000
525903001
525903002
132689001
132689002
132690000
132690001
132690002
525908000
525908001
525908002
65806000
65806002
394840000
394840001
394840002
394841000
394841001
394841002
1626000
1626001
132702000
132702001
132702002
132703000
132703001
132703002
132706000
132706001
132706002
263780000
263780001
263780002
263780004
263780005
263780006
263780007
263780008
263780010
22118001
22118003
22118004
525927000
525927002
289813000
289813001
289813002
306108000
306108001
306108002
306108003
306108004
1647000
1647002
263793000
263793001
263793002
263793003
263793004
263793006
263793007
263793008
263796000
263796001
263796002
1655000
1655001
1655002
1655003
1655004
1655005
1655006
1655007
132733000
132733002
196885000
196885001
196885002
196885003
196885004
196885005
196885006
196885007
1667001
1667002
1667003
1668000
1675000
1675001
1675002
394892000
394892001
394892002
1682000
1682001
1682002
1682004
1682005
1682006
1682007
1682009
1682010
1682011
1682012
525971001
525971002
263828000
263828001
263828002
263828003
263828004
263828005
263828006
263828007
393497000
393497001
393497002
394904000
394904001
394904003
394904004
263834000
394909001
394909002
394909003
525988000
525988002
525988003
525988004
525988005
525988007
525988009
525988010
525988011
525988012
525988014
525988015
525988016
525988017
525988020
525988021
525988022
525988023
525988024
525988025
525988027
132776000
132776001
132776002
526000000
263858001
263858002
526004000
526004001
132791000
132791001
132791002
263866000
263866002
394940001
394940002
394940003
394940004
394941000
394941001
394941002
394941003
394941004
394941005
394941006
526021000
526021001
526021002
526021003
131361000
131361001
131361002
131361004
131361005
131361006
131361007
131361009
131361010
131361011
131361012
263881000
263881001
263881003
263881004
263881005
263881006
263881007
1739000
1739001
526028000
526028001
526028002
526028003
526028004
526028005
394957000
394957001
394957002
394957003
132814000
132814001
132814003
132814004
132814007
132814008
526040001
526040002
526044000
526044001
526044002
526044003
526044004
526044006
526044007
526044008
526044009
526044011
526044012
526044013
526044014
526044017
526044018
526044019
526044020
526044021
526044022
526044023
526044024
526044025
526044027
526044028
526044030
526044032
526044033
526044034
526044035
1757000
1757001
1757002
1757003
1761000
1761001
1761002
1761003
427782000
427782001
427782002
1779002
263929000
263929001
263929002
263929003
263929004
263929005
263929006
132861001
132861003
132861004
132861005
132861007
132861008
132861010
395006000
395006001
395006002
395006003
437205000
437205001
437205002
437205003
437205004
437205006
437205007
437205008
437205009
437205010
437205011
437205012
437205013
437205014
437205015
437205017
437205018
437205019
437205020
437205021
437205022
437205023
437205024
437205025
437205026
1799000
1799002
1799004
526089001
526089002
526089004
526091000
526091001
526091002
526091003
427783000
427783001
427783002
526103000
526103001
526103002
263961000
263961001
263961002
1818001
1818002
263966000
263966001
263966002
263966003
263969000
263969001
263969002
263969003
263973000
263973001
263973002
263973003
263973004
263973006
263973007
395046000
395046001
395046002
526126000
526126001
526126003
502749002
502749003
1840002
1841000
524595001
524595002
526132000
526132001
526132002
526133000
1852000
1852001
1852002
526143000
526143001
1856000
1856001
1856002
1856003
1856004
132931000
132931001
395083000
395083001
395083002
395083003
395083004
395083007
395083008
395083009
395083010
264013000
264013001
264013002
264013003
264017001
264017002
44003002
44003003
132953000
132953001
132953002
264032000
264032001
264032002
264032003
264032004
264032005
264032006
264032007
395113001
395113002
395113004
395113005
395113006
395113007
526186001
526186002
526186003
526188000
526188001
526188002
526188004
1903000
1903001
395124001
395124002
395124003
395124005
395124006
395124007
395124008
526197001
526197002
526197003
132982000
132982001
132982002
205196001
205196002
132987000
132987001
132987002
175082000
175082001
175082003
175082004
175082005
175082006
132992000
132992001
132992002
132992003
133000000
133000004
133000005
133000006
133000007
133000009
133002000
133002001
133002003
133002005
526222000
526222001
526222002
502766000
502766002
306159000
306159001
306159002
306159003
1948000
1948002
133025001
133025002
1955001
1955002
1960000
1960001
1960002
133034000
133034001
133034002
133034003
133034005
133034006
133034007
133034008
133034010
395180000
395180001
264110000
264110001
264110002
526256001
526256002
526256003
395185004
133042000
133042001
133042003
133042005
133042006
133042008
133042010
133042012
264121000
264121001
264121003
264121005
264121006
133050000
133050001
133050002
133050003
133050004
133050005
133050010
133050011
133051000
264124000
264124001
264124002
264124003
264124004
1987002
133060000
133060001
133060002
133060003
133060004
133061001
133061002
153249000
153249001
153249003
153249004
153249005
153249007
153249008
153249009
1993000
1993001
395210003
175096000
175096001
175096002
175096003
2006000
2006001
2006002
2006004
2006005
264155000
264155001
264155003
264155006
264155007
264155009
264155010
395230000
395230001
395230002
395230003
133087000
133087001
133087002
133087004
264161001
264161002
264161003
264161004
264161006
264161007
133090000
133090002
568315000
568315001
568315002
568315003
165919000
133098000
133098001
133100000
133100002
526319000
526319001
526319002
133104002
133104003
133104004
133104005
526321000
526321001
526321002
526321003
526321004
264180000
264180001
175102000
175102002
175102003
264191000
264191001
264191002
264191003
133125001
133125002
133125003
526342000
526342001
526342003
526342004
526342005
526342006
526342007
264201000
264201001
264201002
133131000
133131001
133131002
133131003
133131004
2061003
526353001
526353002
526353003
526353005
395283000
395283002
395283003
395283004
395283005
133142001
526359000
526359001
526359002
526359003
526360000
395289001
395289002
395290000
395290001
395290002
395290003
395291001
395291002
395291004
395291005
395291006
395291007
395291008
526364000
526364001
526364002
526364004
526364005
133149002
264222000
264222001
264222002
264222003
526368001
526368002
415408000
415408001
415408002
415408003
415408004
415408005
415408006
415408007
415408008
415408010
526371000
526371001
133161001
133161004
133161005
264238000
264238001
264238002
264238003
264238004
264238005
264238006
264238007
526392000
526394001
526394002
395324001
395324002
395324003
395324004
395324006
395324007
395324008
415413000
415413001
415413003
526401002
526401004
526401005
526401007
526401008
526401009
133195000
133195001
133195003
133195004
264268000
264268002
526414000
526414001
526414002
395343000
395343001
395343002
395344000
395344001
526418000
526418001
526418002
264279000
264279002
264279003
264279004
526425000
526425001
526425002
526425003
133210000
133210001
133210002
2139000
2139001
2139004
2142000
2142001
2142002
2142003
395363000
395363001
395363002
395364000
395364001
2149000
2149002
2149003
2149004
2153000
2153001
2153002
2153004
2154000
2154001
2154002
131431001
131431002
131431003
131431005
131431008
2157000
2157002
526446000
526446001
526446002
133233000
133233001
133233002
395378001
395378002
395378003
395379000
395379001
395379004
395379005
395379006
2164000
2164001
2164004
2164005
133237001
133237002
133237003
395382000
395382002
526456000
526456002
526456003
2171000
2171001
2171002
2171004
395388000
395388002
133251000
133251001
133251003
133251004
133251005
133251006
133251007
133251008
133251009
133251013
133251014
133251015
133251016
133251017
133251018
133251019
133251020
133251021
133251022
133251023
133251024
395402000
395402001
395402002
395402003
395402004
395402006
395402007
395402008
395405000
395405001
395405002
395405003
2191000
2191001
2191002
2191003
2191004
264336001
264336002
264336003
264338000
264338001
264338002
526486000
526486001
264347000
264347001
264347002
133279001
133279003
2212001
2212002
2212004
2212005
133291000
133291001
133291002
153288000
153288002
153288003
153288004
153288005
264375000
264375001
264375002
2235000
2235001
2235002
395452000
395452001
395452002
395452003
395452004
264382000
264382001
264382003
264382004
264382005
264382006
2239000
2239003
2239004
2239005
2239007
2239008
2239009
2240000
2240002
264385000
264385002
264385004
264385005
264385006
264385007
395462000
395462001
395462002
395462003
395463000
395463002
395463004
395463005
395463008
526536000
526536001
526536002
526536003
526536004
526536006
526536007
133327001
133327002
2261000
2261001
2261002
306212000
306212001
306212002
526555000
526555002
526555003
526555004
526555005
133343000
133343001
133343002
133343003
133343004
526560000
526560002
526560004
264420000
264420001
264420002
264420003
264423000
264423001
264423002
264424001
264424002
480173000
480173001
480173002
480173003
480173004
480173005
480173006
480173007
480173008
480173009
526570000
526570001
526576000
526576001
526576002
2290001
526580000
526580001
526580003
526580004
526580005
526580006
526580007
526580009
526580010
526580011
526580012
526580014
526580017
526580018
526580019
526580020
526580021
526580022
526580023
526580024
526580025
526580026
526580027
526580028
526580029
526580030
526580031
526580032
526580033
526580034
2295000
2295001
2295002
2295004
395512000
395512002
264441000
264441001
264441002
395514000
395514001
395514002
395514003
2299002
2302000
2302001
2302002
2302003
133377000
133377001
133377002
133377003
133377004
133377005
133377006
133377007
133380000
133380002
264454000
264454001
264454002
133386000
133386003
133386004
133386006
133386007
133386008
133386009
133386010
133386011
133386012
133386013
133386014
133386015
133386016
133386017
133386018
133386019
133386020
133386021
395531000
395531001
395531002
264461000
264461001
264461002
387002
175151000
175151001
395550000
395550001
395550002
264482000
264482001
264482002
264482003
153307000
153307001
133412000
133412001
133412002
395557001
395557002
22236001
22236002
22236003
2346000
2346001
264497000
264497001
526645000
526645001
526645002
526645003
526645004
526645005
526645006
526645007
382345000
382345001
382345002
382345003
382345004
395575000
395575001
395575002
395575003
264506000
264506001
264506002
264506003
264506004
264506005
264506006
264506007
526654000
526654001
526654002
526675000
526675001
526675002
2388001
2388003
2388004
2388005
2388006
395606000
395606002
395606003
395606004
395606005
395606006
264535000
264535002
133464000
133464001
264540000
264540001
264540002
133470001
133470002
133470004
133470005
133470006
133476000
133476001
133476002
133476003
133476004
133476005
133476007
133476009
133476011
133476012
133476013
133476014
133476015
133476016
133476017
133476018
133476020
133476021
395621000
395621001
395621003
395621004
395621005
395621006
395621007
395621008
264554000
264554001
264554002
133485001
133485002
526704000
526704001
526704002
475813000
475813001
475813002
395634000
395634001
395634003
395634004
526711000
526711002
526711003
264568000
264568001
264568002
395644000
395644001
2431000
2431001
2431002
526721000
526721001
526721002
2434000
2434001
2434002
526723000
526723001
526723002
526723003
526723004
526723005
526723006
526723008
526723009
526723010
526723011
526723012
526723013
526723014
526723015
526728000
526728002
502001000
502001001
502001003
502001004
526732000
526732002
395665001
395665002
395665003
395665004
395665005
264594001
264594002
2453000
2453001
2453002
264599000
264599001
264599002
264599003
264599004
264599005
264599006
69914000
69914001
69914002
69914003
69914004
69914006
69914009
69914010
69914011
526751000
526751001
526751002
526751003
526751004
133537001
526756002
502854000
502854001
502854002
264615000
264615001
264615002
264615003
264615004
65948000
65948002
526762000
526762002
264619000
264619001
264619002
264619003
264619004
264619005
2477000
2477001
2477002
526767000
526767001
526767002
526767003
526767004
526767005
526767007
264625000
264625001
264625002
264625003
264625004
133556001
133556002
395701000
133559001
526778000
133567000
133567001
133567002
133567004
395714000
133571000
133571001
133571002
133571003
133571004
395717000
395717001
395717003
395723000
576200000
576200001
576200002
576200003
264654001
526800000
526800002
526801001
526801002
526801003
526801004
264659000
264659002
264659003
264660000
264660001
264660002
264660003
526806000
526806001
526806003
2521000
2521002
2521003
2521004
2521005
2521006
2521010
2521012
2521013
2521015
2521017
2521019
133596001
133596002
262565000
262565001
262565002
2529000
2529001
2529003
2529005
2529006
2529008
2529009
2529010
2532000
2532002
2532003
2532004
395749000
395749001
395749002
395749004
395752000
395752001
395752003
395752004
264683000
264683001
264683002
264686000
264686002
133619000
133619001
133619002
133620001
133620002
133620003
526837000
526837001
526837002
133622000
133622001
133622002
133622004
133622005
133622006
133622007
133622008
22271000
22271001
133629000
133629001
133629002
133629003
133629004
133629005
133629006
133629007
133631000
133631001
133631002
2562001
2562002
2562004
133636001
133636003
133636004
133636005
133636006
133645000
133645001
133645002
264718001
264718002
264718005
264718007
133648000
133648001
133648002
133648003
459182000
459182001
459182002
395801000
395801001
395801003
395801004
395801005
264730000
264730002
2587000
2587001
2587002
2592000
2592001
2592002
2592003
131504000
131504002
133667000
526892000
526892002
133679000
133679001
133679002
133680000
133680001
133680002
133680003
133680004
133680005
133680006
133680007
133680008
133680009
264753001
264753002
2613000
2613001
2613002
2613003
2613004
2613005
2613006
2613007
2613008
2613009
2613010
2613011
2613012
395831000
395831001
395831002
526904000
526904002
133690000
133690001
133690002
133690003
133690004
133690006
133693001
133693002
133693007
133693008
133693010
133693011
133693012
133693013
133693014
133693016
133693017
133693018
133693019
133693020
133693021
133693022
133693023
133693024
401623000
401623001
401623002
401623003
264769000
264769001
264769002
264769003
264769006
264769007
264769008
264769009
264769010
133698001
133698003
264771000
264771001
264771002
395849001
395849002
395849003
133707000
133707001
133707002
133707003
2640000
2640001
2640002
264787000
526933000
526933001
526933002
395865000
395865001
395865002
395865003
526940001
526940002
526940003
526940004
262587000
262587001
262587002
264805000
264805002
264805003
264805004
264805005
264805008
526955000
526955001
526955002
526956001
526956002
526956003
526962000
526962001
526962002
526962003
526962004
526962005
526962006
526962008
526962010
526962011
526962012
526962013
526962014
526962015
526962016
526962017
264819000
264819001
264819003
133750001
133750002
568425000
568425001
568425003
2684000
2684001
2685000
2685001
484551000
484551001
484551002
395903000
395903001
395903002
395903003
395904000
395904001
395904002
395904003
395904004
2690001
133778000
133778001
133778002
264853000
264853001
264853002
264853003
264853004
264853005
264853006
264853007
264855000
264855001
264855002
264855004
395928000
395928001
395928003
527002000
527002003
527002004
109679002
264870000
264870001
264870002
264870003
527022000
527022001
527022002
527022003
527022004
527022005
527022006
527023000
527023001
527023002
527023003
527023004
527025000
527025001
527025002
527029000
527029002
283785000
283785002
133819000
133819001
133821001
133821002
527038000
527038001
527040000
527040001
527040002
2753000
2753001
2753002
133827002
133827005
133827006
133827007
133827009
133827010
133827011
133827012
133827013
133827014
133827016
133827017
133827018
133827019
133827020
133827021
2759000
2759001
395978000
395978001
395978002
568439000
568439002
568439003
133836004
264909000
264909002
527054000
527054001
527054002
527060000
527060001
527060002
264919001
264919002
527064001
527064002
395997000
395997002
305609000
305609001
305609002
305609004
133867000
133867001
133867002
264940001
264940002
133869000
133869003
133869004
527086000
527086001
527086002
527086003
527086004
527086005
264948000
264948003
264948004
264948005
527098001
527098002
527098003
264957000
264957001
527102001
527102002
264961000
264961001
264961002
264962000
264962001
264962002
264964000
264964002
2822000
2822001
2822002
264968000
264968001
264968002
264968003
264968004
264968006
264976000
264976001
264976002
396051002
396051003
396051004
396051005
396051006
396051007
2839000
2839001
2839002
264992001
264992002
153392000
153392001
153392003
133923001
133923002
133923003
396068000
396068001
571847000
571847001
571847002
133927001
133927002
133927003
133927004
133927005
133927006
133927007
133927008
133927010
133927011
133927012
133927013
133928000
133928001
133928002
133928003
133928004
133928005
133928007
133928008
133928009
265001000
265001001
265001002
265003000
265003001
265003002
265003003
265003005
265003006
133933001
133933002
133933003
133933004
133933005
133933006
133933007
133933008
133933010
133933011
133933013
133933015
133933018
133933021
133933023
133933026
133933028
133933029
133933030
133933032
133933033
133933034
133933035
133933038
2867000
2867002
527163001
527163002
527164001
527164002
396094000
396094001
396094002
2881000
2881002
2881004
2881005
2890001
2890002
133963000
133963001
133963002
133964000
2894001
2894003
2894004
527193000
527193001
527193002
527193003
527193004
265050000
265050001
265050002
240783000
240783002
265059000
265059001
265059002
265063001
265063003
265063004
265063005
265066000
265066001
265066003
265066005
133995001
133995002
265069001
265069002
265069003
265069004
527215000
527215001
527215002
134001000
134001001
527219000
527219001
527219002
527219003
527219004
527219005
527220002
134010001
134010002
134010003
134010004
134010006
134010008
134010009
134010010
134010011
134010012
134010013
134010015
134010016
134010017
265085000
265085001
265085002
134016002
134016003
134016004
134016005
396167000
396167002
396167003
265096001
265096002
265096003
265096004
265096005
527248000
527248001
527248002
527248004
527248005
527248006
527248007
371864000
371864003
371864004
371864005
134034000
134034001
134034002
134034003
87875001
87875003
265108000
265108001
134042000
134042001
134042002
2972001
2972002
2972004
265125000
265125001
265125002
265125003
527270001
527270002
527270003
527270004
527270005
527270008
527270009
396200000
396200001
396200002
396200003
396200004
396200005
396200006
396200008
396200009
396200010
396200011
396200012
396200016
396200017
396200018
396200020
396200022
396200023
396200024
396200025
396200026
396200027
396200028
396200029
2985000
2985001
2985002
2985003
2985004
2985005
2985006
2985007
2985008
2988000
2988001
2988002
396205000
396205001
396205002
396205003
396205004
396205005
396205006
396205007
396205008
396205009
396209001
396209002
134066000
134066002
396217000
396217001
396217002
396217003
134074000
134074001
134074002
134074003
134074004
134074005
134074006
134074007
134075001
134075002
134075003
134075004
134075007
235784001
235784002
235784003
235784005
265151001
265151002
265151003
396224000
396224001
396224002
396224003
265153000
265153003
3014001
3014002
134096000
134096001
134096002
527313000
527313002
527313003
527313004
527313005
134098000
134098001
134098002
134098003
134098004
306339000
306339001
306339002
306339003
306339004
134103000
134103001
134103002
134103005
134103006
134103007
134103008
265176001
3035000
3035002
396252000
396252001
396252002
134112001
134112002
134119000
134119001
134119002
134119003
134119005
134119006
134119008
134119009
134119010
134119011
134119012
134119013
134119014
134119015
134119016
134119017
134119018
134119019
396269000
396269001
396269005
396269006
265200001
265200002
265200004
396274001
396274003
134133001
134133002
265208002
3067001
527363000
527363001
527363003
396295001
396295002
265227000
265227001
3084000
3084002
396302000
396302002
527375000
527375001
527375002
527375003
527375004
527375005
134160000
134160002
265234000
265234001
265234002
265234004
265234005
265234009
265234010
265234012
265234013
527379000
527379001
527379002
3093001
3093002
3093003
134167000
134167001
134167002
265243000
265243001
265243002
396317000
396317001
396317002
3103000
3103001
3103002
3103003
134178000
134178001
134178003
396324001
396324002
396324003
396324004
396324005
396324006
396324007
3109001
265256000
265256001
265256002
527407001
527407003
459272000
459272001
459272002
459272003
459272004
459272005
459272006
134194001
134194002
3125000
3125002
134198000
134198001
134198002
134199001
134199004
3134000
3134001
3134002
3134003
3134004
527427000
527427001
527427002
134213001
134215000
134215001
134215002
3145000
3145001
3145003
3145004
3145006
3149000
134223000
134223001
134223002
134223003
134223004
134223005
134223006
134223007
134223008
527440000
527440001
396369000
396369001
396369002
396369004
396369005
396369006
396369007
546659000
546659001
546659003
546659004
3156000
3156001
3156002
527445001
527447001
527447002
396385000
396385002
396387000
396387001
396387002
527464000
527464001
527464002
568508000
568508001
568508002
568508003
568508004
568508005
134255001
396404000
396404001
396404002
396404003
401642000
401642001
396410000
396410001
396410002
527486000
527486001
527486002
527486003
527486004
527486005
134278000
527497000
527497002
527497003
527497004
527497005
527497006
527497007
527497009
527497010
134285000
134285001
134285002
134288000
134288001
134288002
134288003
134288004
134288005
134288006
134288007
134288008
3217000
3217001
3217002
134290003
22382000
22382001
22382002
527510001
265372000
265372001
265372003
265372004
265372005
265372006
265372012
265372014
265372016
265372017
265372018
265372019
265372020
265372021
265372023
265372024
265372026
265372029
265372032
265372033
265372034
265372035
265372037
265372039
265372040
265374000
265374001
265374002
265374003
265374004
265374006
265374007
265378000
265378001
265378002
265378003
265378005
265378006
265378007
371910000
371910001
371910002
371910003
371910004
371910005
527528000
527528001
527528002
527528003
527528005
527529000
527529001
527529002
3244000
3244001
3244002
396461001
396461002
527535000
527535002
527535004
134322000
134322001
134322002
3255001
3255002
134328000
134328001
134328002
134328004
134328005
134328006
218996001
265407000
265407001
265407002
265407003
265407004
265407005
265407006
265407007
527553000
527553001
527558000
527558002
134343000
134343001
134343002
134346000
134346001
134346002
396496000
396496002
396496003
396496004
396496005
396496006
396496007
396496008
396496009
527573000
527573001
527575000
527575002
527575003
527575004
265433000
265433001
265433003
265433006
265433007
265433008
265433009
527578002
527578003
527580000
527580002
527580003
527580004
134366000
134366002
396518000
396518001
396518002
396519001
396519002
396519003
396519004
396519005
396519006
396519008
459303000
459303003
3310000
3310001
3310002
3310003
3310004
3310005
546685001
546685002
546685003
134386000
134386001
134386002
134386003
527603001
527603002
527603006
527603007
527603008
527603009
265462001
265462002
265464000
265464002
396541000
396541001
396541002
396541003
396541004
396541005
396541006
396541007
396541008
396541009
396541010
396541011
396541012
396541014
396541015
396541016
396541017
396542000
396542002
396542003
396543000
396543001
396543002
396543003
527616000
527616002
527616003
527616004
527616005
3335001
3335002
3337001
396556000
396556002
134413000
134413001
527631000
527631001
527631002
527631003
527631004
527631005
527631006
527631007
527631008
527631012
527631013
22403000
22403003
396568000
396568002
396568003
396568004
396568005
396568006
396568007
396568008
396568009
527644000
527644001
527644002
527644003
44250000
44250002
44250003
44250004
288170001
288170002
396580000
396580001
396580002
265518000
265518001
265518002
3378000
3378001
3378002
3378003
3378004
3378005
3378006
527670000
527670001
527670003
134459002
134459003
134459004
134459005
134459006
134459007
134460000
134460002
396608000
396608001
396608002
396617000
396617001
396617002
265547000
265547001
265550000
265550001
265550003
265550005
265550006
527695000
527695001
265552000
265552001
265552002
134483000
134483001
134483002
134483003
134483005
134483006
134483008
134483009
134483010
134483011
134483012
134483013
134483014
134483015
134483016
134483017
134483019
134483020
134483021
546702000
546702001
546702002
546702003
546702004
546702007
546702010
546702011
546702013
546702014
546702015
546702016
546702017
546702018
527704000
527704001
527704002
44260000
44260001
44260002
44260003
3425000
3425001
3425002
3425003
265574000
265574001
265574002
265574004
265574005
265574006
265574008
265574010
134503000
134503001
134503003
265579000
265579001
265579002
265584000
265584001
527733000
527733001
527733002
527733004
527733005
134518000
134518002
265596000
265596002
265597000
265597001
265597003
396673001
396676000
396676001
396676005
396676006
396676008
396676009
396676013
527750000
527750001
527750002
134537000
134537001
134537002
134537003
3466000
3466001
3466002
265611000
265611001
265611002
134542000
134542001
134542002
134542003
396687001
396687002
396691000
396691001
396691002
396692000
396692006
396692007
396692010
396692011
396693000
396693001
396693002
396693003
396693004
396693005
134551000
134551001
134551002
134551003
134551004
134551005
134551006
134552000
134552001
134552002
134552003
134552004
488942001
488942002
488942003
488942005
488942007
488942008
134555000
134555001
265628000
265628001
265628002
134558000
134558002
134558003
134558004
134558005
3488000
3488001
3488002
3488003
3488004
3488005
3488006
3488007
265635001
265635002
265635003
265635004
265636000
265636001
265636002
265636005
265636006
265636007
265636008
265636009
265636010
527783000
527783002
527784001
527784002
3501000
3501001
3501002
3501003
3501004
134574000
134574002
134574003
134574004
134574005
134574006
134574007
134574008
134574009
134574010
134574012
134574013
134575001
134575002
265648001
265648002
506401000
506401002
506401003
506401004
506401005
396727000
396727001
396727002
396729001
396729002
396736000
396736005
396736006
396736007
396736009
415648000
415648002
134594001
134594002
134594003
134594004
134594005
134594006
134594007
134594008
134596001
134596002
265677001
265677002
589000
589001
589002
589003
589004
589005
589006
589007
589008
589009
589010
589011
589012
589013
589014
589016
527828000
527828001
527828002
134618001
134618002
396768000
396768001
396768002
3553000
3553001
3553003
527845001
527845002
527846000
527846001
527846002
527846003
527846005
527846006
396779000
396779001
396779002
265719001
265719002
134649000
134649001
134649003
134649004
134649005
134649006
134649007
134649008
134649009
134649010
134649012
134649013
134649014
3580000
3580002
265725000
265725001
265725002
134657000
134657002
3590000
3590001
3590002
3595001
3595003
527885000
527885001
527885002
527885003
527885004
265742000
265742001
265742002
265742003
265742004
265742005
265743000
265743001
396820000
396820001
396820002
396820003
396820004
396820005
396820006
396820007
396821001
396821002
396821004
396821005
134688000
134688001
134688002
134689000
134689001
134689002
134689003
134689004
134689005
134689006
134689007
134689008
527906000
527906001
527906002
527906003
527906004
527906005
527906006
134691000
134691001
205253000
205253001
205253002
205253003
265771000
265771001
265771002
396845001
134703000
134703001
134703003
134703004
134703005
134703007
134703008
265777000
265777001
265777002
396851001
396851002
396851003
134715001
134715002
265789000
265789001
265789002
265789003
396863000
396863001
396863002
396863004
134722000
134722001
134722002
134722003
134722004
134722005
3661000
3661001
3661002
134738002
527960000
527960001
527960002
527960003
527960004
527960005
527961000
527961001
527961002
527962001
527962002
527962003
527962004
527962008
527962009
527962010
527962011
527962012
484584000
484584001
484584002
265822000
265822001
396903000
396903001
396903002
134760000
134760001
134760002
3690000
3690001
3693000
3693001
3693002
3694001
3694002
22461001
22461002
134768000
134768002
481214000
481214001
481214002
481214003
481214007
481214008
3703000
3703001
3703002
527994001
527994002
527995000
527995001
527995002
66154000
66154002
66154003
66154004
44309000
44309001
44309002
3716000
3716001
3716002
3716003
528011000
528011001
528011002
528011003
265872000
265872001
265879000
265879002
134811000
134811002
134811004
240173000
240173001
240173002
528030000
528030001
528030002
134815000
528033001
528033002
396966000
396966001
396966002
396972000
396972001
396972002
396972003
396972004
528046001
528046002
528046003
3761002
3761003
3761004
3771000
3771002
265916001
265916002
265916003
265916004
528062000
528062001
528062002
528062003
3779000
3779001
3779002
3779004
396997000
396997001
396997002
396997003
396997004
396997005
396997006
396997007
396997008
396997009
134856000
134856001
134856002
134856003
134856004
134856006
134856007
134856008
134856009
134856010
134856011
134856012
134856013
134856014
134856015
134856016
134856017
134856019
134856020
134856022
134856023
3786000
3786001
3786002
134863000
134863001
134863002
134863003
134863005
134863006
134863007
134863008
397008000
397008001
397008002
397008003
397008004
397008005
397008006
397008007
397008008
3793001
3793003
3793004
3794001
3794002
3794003
306467000
306467001
306467002
528084000
528084001
528084002
134870001
3799001
3799002
528091000
528091001
528091002
528091003
528091004
528091005
265950003
134882000
134882001
134882002
134886000
134886001
134886002
134886003
134886004
134886005
134886007
134886008
134886009
134886010
134886011
134886012
134886013
134886014
134886015
134886016
134886017
134886018
134886019
134886020
134886021
134886022
134886023
134886024
134886025
134886026
134886027
134886028
134886029
134888000
134888001
134888002
3817000
3817001
3817002
397041000
397041001
397041002
397042001
397042002
265971000
265971001
265971002
397045001
397045002
372009000
372009001
372009003
372009004
372009006
3832000
3832001
3832002
3832003
3837000
3837001
3837002
3845000
3845001
3845002
397063000
397063001
397063002
528136001
528136002
528136003
528136005
528136007
528136008
528136009
528136010
528136011
528136012
528136013
528136014
528136015
528136016
528136017
528136019
528136020
528136022
528136024
528136025
528136027
528136028
528136033
528136034
528136035
528136038
528136040
528136041
528136042
528136043
528136044
528136046
3849001
3849002
3849003
350167001
350167002
350167003
350167004
350167005
350167006
350167007
350167008
350167009
131714000
131714002
134926000
134926001
134926002
134926003
134926004
134935000
134935001
134935002
134935003
3865000
3865001
3865002
3867000
3867001
3867002
3867003
3867004
134940000
134940001
134940003
397089001
397089002
266021000
266021002
397101000
397101001
397101002
397101003
528176000
528176002
134964000
397109001
397109002
528184001
528184002
266041000
266041001
266041002
397117001
397117002
397117003
397117004
397117006
397117007
397117008
397117009
568630001
568630002
284641000
284641001
284641002
284641003
284641005
284641006
528200000
528200001
528201001
528201002
22498000
22498001
397135001
397135002
197262000
197262001
266070001
266070002
266070003
266070005
266070006
266070008
266070009
266070010
175417000
175417001
197263000
197263001
3932000
3932001
3932002
3934000
3934002
3934004
397151000
397151001
397151002
528225000
528225001
528225004
528225005
528225007
528225009
528225010
528225011
528225012
528225013
528225014
528225015
528225017
528225019
528225020
528225021
528225022
528225023
528225024
528225025
528225026
528225027
528225028
528225029
266082000
266082001
266082002
3939000
528232001
528232002
3947000
3947001
3947003
3947004
3947005
3947006
3947007
3947008
3947009
3947010
3947011
3947012
3947013
397166001
397166002
397166003
397166004
397166005
397166006
135023000
135023002
284648000
284648001
284648002
266099002
266099004
266099006
266099009
266099010
135029000
135029002
135029003
135029004
135029005
135029006
135029008
135029010
135029011
528251001
528251003
528251004
528251005
528251006
528251007
528251008
3964002
135037001
135037002
135037003
135037004
135037005
109888000
109888002
109888003
109888004
135042002
266115002
528261001
528261002
528261003
528261004
528261005
528261007
266124000
266124001
266124002
528269000
528269001
528269002
3983000
3983001
3983002
135057000
135057001
135057002
135057003
528276000
528276001
528276002
528276003
528276004
397211002
262810000
262810001
262810002
135071000
135071001
135071002
135071003
135071004
135071005
135071006
135076000
135076001
135076004
135076005
135076006
372038000
372038001
372038002
266151000
266151001
266151002
266151003
266151004
397225000
397225001
397225002
4011000
4011002
4011003
266160001
266160002
4021000
4021001
4021002
528311000
528311001
528311002
416184001
528314000
528314002
